0.1639596789465049,0.0005518743022893365,0.8333753211195437,0.001364273203881492,0.0007488524277804209
0.39481771237446733,0.0006128131816689047,0.6030359968365947,0.0013392164597774143,0.00019426114749149744
0.18169380829890744,0.0005731612539940294,0.8157644078671249,0.0011491486804264537,0.0008194738995471378
0.2187493395707558,0.0005199425204791216,0.7791175075907969,0.0011519868942954845,0.0004612234236726057
0.18236912979090353,0.0005722793973200595,0.815086013102772,0.001148848306748459,0.0008237294022560615
0.4479713754257189,0.0005223358240963388,0.5503504085665667,0.0009619260074020801,0.00019395417621599666
0.19961618246213547,0.0005443458977099303,0.7975812108694359,0.0012280547191455353,0.0010302060515731289
0.2947905209644768,0.0006993799785610938,0.7023916637239871,0.0015769878959658663,0.00054144743700927
0.3320189467082882,0.0006524802001884037,0.6653301755665798,0.001416244612242645,0.0005821529127007847
0.4411838187392916,0.0005271396399232098,0.556566476009021,0.0012625488402609906,0.00046001677150333213
0.46002473561962387,0.0005031081544505426,0.537747407765572,0.001231982078796371,0.0004927663815572098
0.2726416257510724,0.00043761180502097357,0.7243185046781113,0.001195766429061477,0.0014064913367336815
0.39720026480096793,0.00033019430135315805,0.6005383827505217,0.0008783769893814938,0.0010527811577755947
0.4881863561187009,0.00027491034466693714,0.5100087660272301,0.0007854181665083686,0.0007445493428936946
0.4941532319728546,0.0004549838457500177,0.5035062396057187,0.0012667056305551646,0.0006188389451215159
0.35364096707555825,0.0003878392145405866,0.6425237076188759,0.0010922554553284415,0.0023552306356968166
0.4790128550684473,0.0004542999402178313,0.5180808259967451,0.001288707580465923,0.0011633114141239081
0.527400899861781,0.00023869319776117769,0.4699646076539491,0.0007356364294081618,0.0016601628571006775
0.5383652940375447,0.0003921849082645343,0.45887400429925684,0.0010913572775843965,0.00127715947734943
0.7095873898593169,0.00022474996100908467,0.2889090920814631,0.0006430966663914819,0.0006356714318194634
0.5010982662853557,0.00030008383480967476,0.49483451077402196,0.0008422697400719092,0.002924869365740665
0.5642985503425858,0.00021869640486968237,0.43299290778114274,0.0007281023903032253,0.0017617430810986782
0.5620594050422963,0.0002199249871910246,0.43523717966504,0.0007277890247452476,0.0017557012807274445
0.5602404762173092,0.00022092368137201161,0.43706028891807536,0.0007275238518521215,0.001750787331391192
0.5591905021967271,0.00022150045339198405,0.4381126825698186,0.0007273664578857298,0.0017479483221766016
0.5587763558969931,0.00022172800825055115,0.4385277845591288,0.0007273035071144801,0.0017468280285129027
0.5587339499782947,0.00022175131019128264,0.43857028837585627,0.0007272970336269481,0.0017467133020307344
0.4562871117607432,0.0003121448723309707,0.5399213780533233,0.0009785776045275552,0.0025007877090749905
0.6204050442029528,0.00031380635059497186,0.37733364910067896,0.0010150174008110564,0.0009324829449621397
0.4452674759186364,0.0003128870842736292,0.5505890826452053,0.0010720015884894765,0.002758552763395105
0.445318295349511,0.00031285750653083566,0.5505380780276713,0.001071926517216852,0.0027588425990700033
0.6205198407110671,0.00031368621492851734,0.37721888311913143,0.001014773096878277,0.0009328168579946812
0.3870882412945507,0.00041422116225626424,0.6069792420243985,0.0012432935418997002,0.004275001976894992
0.4453338612753537,0.0003128484469323561,0.5505224553812472,0.0010719035220936243,0.0027589313743731744
0.6258703489168348,0.0003121861049055118,0.3720354115853586,0.0009305054587580604,0.0008515479341429845
0.4454942868149522,0.00031275507760679367,0.5503614453186215,0.001071666505458343,0.002759846283361149
0.5298039405324224,0.0002616429297809667,0.46711462012567107,0.0009536407230741886,0.0018661556890513242
0.4570814971152221,0.00031167501952188484,0.5391245623686034,0.0009774771357107584,0.0025047883609417795
0.44573546572564177,0.0003126147114014397,0.5501193878272842,0.0010713100984557082,0.002761221637216959
0.5385221836535947,0.00038686166954738196,0.4584911818535568,0.0011764469225090475,0.0014233259007921354
0.49243409960840406,0.0003056835712853185,0.5035337993949341,0.0008450258702024744,0.0028813915551741094
0.5561266806318803,0.00022318463611516848,0.44118359165000626,0.0007268891361101356,0.0017396539458880784
0.7041432343280584,0.0002302752798412228,0.294358616175255,0.0006480486315567129,0.000619825585288737
0.5768843290547899,0.00022241773826457042,0.420236387595536,0.0006475527710384624,0.0020093128403708633
0.6511874622596988,0.0002723969400912292,0.3469199117099818,0.0007345199173118136,0.0008857091729162451
0.5775628118170233,0.00021584391258661488,0.41997119482226036,0.0006554508762200138,0.0015946985719097475
0.6065596130528553,0.00020645075097752485,0.3904730339638619,0.0006350946722178955,0.002125807560087509
0.6297708491609895,0.00019495068500981235,0.3671664908170766,0.0006097944596331746,0.0022579148772910148
0.7603858420462372,0.00017545552735746627,0.2379741404094517,0.0006780819234103395,0.0007864800935433113
0.7190834837383799,0.00021503468417531158,0.2789048665482091,0.0006558588988013142,0.0011407561304342627
0.6888893277122669,0.0001652849002654189,0.3077793195775124,0.000540665294239254,0.0026254025157160625
0.6941660890713035,0.00016261054329550902,0.302476404116728,0.0005341588679300977,0.0026607374007428706
0.6361937690026513,0.0002115479697495166,0.3585003333892711,0.0008775081858334845,0.004216841452494461
0.6869184669669078,0.00015718920767195132,0.30985312783440677,0.0006542228761212069,0.002416993114892265
0.6547627217680674,0.00020120010148112527,0.33976705153082687,0.000846234595141542,0.004422792004483089
0.6368565666078735,0.00018372726094817326,0.3570510016046699,0.001215163955431039,0.0046935405710772935
0.6820778500568137,0.00017301241260943704,0.3112309944220014,0.0009040635631510861,0.005614079545424301
0.6605059424775924,0.00015785614105645441,0.33182219976190086,0.001349224944391338,0.006164776675058924
0.6673876686810667,0.00015071243370876815,0.32438190926523186,0.001391562173985084,0.006688147446007404
0.7609683608630851,0.00017631566224878998,0.23502106961706076,0.0010527290952484438,0.002781524762357023
0.7038592194753167,0.000148612333859656,0.2878048782633936,0.0009887829658748674,0.0071985069615551015
0.7137007399015511,0.00014637693187275012,0.278798419419536,0.00089220715391186,0.0064622565931282926
0.7809209103054836,9.022599811956923e-05,0.21509255320298895,0.0007761030255311015,0.003120207467876917
0.7389284573292746,8.220371222096425e-05,0.2534663835234549,0.00047934755403898367,0.007043607881010459
0.7712924458578462,0.00011538294970600877,0.22451182915881474,0.00046475920633079146,0.003615582827302424
0.7641418939106862,0.00011756227324508404,0.23136272064841673,0.0005060929378952235,0.00387173022975686
0.7340551780287015,0.00012250225991787498,0.26154657372361073,0.0006735763407510469,0.0036021696470190097
0.7251279830049614,0.00012480434588148326,0.2701097004397455,0.000738444478990472,0.003899067730421259
0.7816096535535775,0.00016040726664831624,0.21561833416719647,0.0006540054867960497,0.0019575995257815992
0.7690619856210203,0.00011181537128531368,0.2260009449827093,0.0005266725542846579,0.004298581470700487
0.802161195957428,8.851119655282097e-05,0.1934355916819988,0.0003485414104317705,0.003966159753588792
0.8033375674642959,7.974448372854871e-05,0.18828986488434132,0.0006169661939269384,0.007675856973707385
0.8311474541413618,6.409449160007862e-05,0.15364459499469332,0.0006038028599062078,0.014540053512438662
0.8461013496061381,6.0138750406117716e-05,0.13843013017326108,0.00031564274005095946,0.015092738730143763
0.8550046023935548,6.0088214812777224e-05,0.12616304722855598,0.0002289698393132558,0.018543292323763182
0.8720859666865823,5.590011129337712e-05,0.10862510863179088,0.00014690214373515087,0.019086122426598143
0.8998859456832566,4.57362651241182e-05,0.08412594747799958,9.102210327445623e-05,0.015851348470345163
0.900218333943688,4.5844343278679866e-05,0.08410198248948096,9.218899788267079e-05,0.015541650225669472
0.8724605675498043,5.6030680269204415e-05,0.10860381640106885,0.00014871358716972717,0.01873087178168777
0.8730124834523408,5.6226682055530917e-05,0.10857045502083021,0.00015147493180095052,0.018209359912972508
0.8733962306386168,5.636560570567984e-05,0.10854581369749218,0.00015346312424584777,0.017848126933939355
0.856642110450325,6.006300909815663e-05,0.12374043140384963,0.0002142443021714581,0.019343150834555654
0.8730877570178671,5.643924823738514e-05,0.10917600269651682,0.00015713813430175458,0.017522662903077052
0.8729701097619923,5.6446237888191426e-05,0.10934694748234469,0.00015794638307752305,0.017468550134697305
0.8732651861870688,5.6428616475484467e-05,0.10891755246476767,0.00015592192163753322,0.017604910810050375
0.9010158114871276,4.611106055379142e-05,0.08404063560518296,9.513190744285745e-05,0.014802309939692625
0.8705137756603832,5.537240611951485e-05,0.10870327114473145,0.00013980467682138888,0.02058777611194438
0.8665486488574246,5.416668796963321e-05,0.10883036195278313,0.0001248698645724597,0.024441952637250065
0.8611591983867859,5.2750183014036395e-05,0.1088758931865994,0.00010941705605664487,0.02980274118754421
0.8557315737773113,5.151258650919802e-05,0.10881067465520439,9.757595863217986e-05,0.035308663022342875
0.8579050975726424,4.998505512428406e-05,0.10580112375240038,8.302572745780882e-05,0.03616076789237511
0.8499492898394563,5.0346889677764906e-05,0.10864901751897624,8.768678764713743e-05,0.041263658964242576
0.8495172890355558,5.0264974438507937e-05,0.10863376454122636,8.703454473276276e-05,0.041711646904046794
0.831489618752247,5.429266135409015e-05,0.12318648609200346,0.00012014479017968963,0.045149457704215745
0.8502032813876863,5.039535812443014e-05,0.10865779560921887,8.807526054414621e-05,0.04100045238442616
0.8730608927492545,2.6932363082553175e-05,0.07848873175123199,4.292844149189235e-05,0.04838051469493915
0.8325654385634171,5.4477099830314764e-05,0.12319263681047961,0.0001221226646637255,0.044065324861609224
0.850807285089103,5.051154984553309e-05,0.10867809542562885,8.90143052710993e-05,0.040375093630151536
0.8784317935060335,6.710630847052411e-05,0.10396088517590046,6.70905791636105e-05,0.017473124430431884
0.8910649426754012,5.868170508949809e-05,0.09375891213507302,7.217089688088763e-05,0.015045292587555483
0.8922950698429728,9.64823286387448e-05,0.09785441892730368,8.588604198709861e-05,0.009668142859097768
0.9274359380213051,1.1802543274921374e-05,0.04276056458741224,4.826634235052919e-06,0.029786868213772712
0.9519382720073479,1.269792386173453e-05,0.03495621259468178,3.621783981622789e-06,0.013089195690126945
0.9304401331301212,1.1810451137038935e-05,0.04199933015948658,4.549397417676218e-06,0.027544176861837584
0.9613875185112084,8.637588759084475e-06,0.023468082126205776,5.448305000895946e-06,0.015130313468825932
0.9525249297544671,2.4768433736234812e-05,0.03974777277836112,1.2613056918569058e-05,0.007689915976516978
0.9319455884647287,2.194351737676622e-05,0.037738650066404804,1.2648429431984787e-05,0.030281169522057606
0.9382955476711112,8.703248898419332e-05,0.05828082414753112,5.630582830702602e-05,0.003280289864066518
0.9413694849898784,5.532770638856739e-05,0.05323636527803927,3.136196672599982e-05,0.005307460058967762
0.919174351817659,3.6775735322431856e-05,0.0670040595541651,2.8887692288595912e-05,0.013755925200564923
0.9446747591037588,1.779478899509941e-05,0.042013325530991436,5.259492331783319e-06,0.013288861083922862
0.9664008846935126,2.2892960506633967e-05,0.030593496262828066,1.1465520879263954e-05,0.0029712605622734902
0.9565017113064331,1.9014645217386553e-05,0.03780226310566659,6.82244402965637e-06,0.005670188498653203
0.954118531769026,2.672955801350243e-05,0.041736754759166585,2.0238281687841508e-05,0.004097745632105971
0.8722603879333507,5.5960664064769576e-05,0.10861532791787257,0.00014773944918087013,0.01892058403553112
0.9049998417675472,4.540682378728764e-05,0.0815249810923918,8.783026989265363e-05,0.013341940046381156
0.8623975190971411,3.702561390969726e-05,0.1093219724798025,0.00012743574403518553,0.028116047065111498
0.9088589835909374,4.603416738447451e-05,0.07779970990192282,7.83883088927103e-05,0.01321688403086269
0.6439849098921732,0.00017787010651556918,0.23807658773172502,0.0007575793669709973,0.11700305290261512
0.8877002771153611,0.00018843472635487899,0.10616099539921378,0.0005008779563585602,0.005449414802711741
0.8427992158339154,6.640050935415895e-05,0.12121305568224792,4.846851475990116e-05,0.035872859459722656
0.7611658158611129,7.973350425371904e-05,0.1928946798157137,7.199142195662553e-05,0.04578777939696304
0.8388613979799373,3.794092123813689e-05,0.1418440530412296,0.0003003843146183391,0.01895622374297662
0.7910791344400707,4.531227930693752e-05,0.18538838672493424,0.0005002760140903513,0.02298689054159786
0.900419502123459,1.6012934125250643e-05,0.08509939457046421,6.382526618883541e-05,0.014401265105762527
0.6950380650768424,0.00016571866432806492,0.25510864364732894,0.0007186015591044512,0.04896897105239622
0.7866918452863231,7.80841881396762e-05,0.18722167969286357,0.0012387068140800922,0.024769684018593627
0.8217361197997826,2.853411192523019e-05,0.1403439274330122,0.00017260921085736035,0.037718809444422595
0.8552797379739442,3.645377929640413e-05,0.12219182101477788,0.00030797759483734195,0.02218400963714418
0.8383050969264774,3.787219459319111e-05,0.14278662873756381,0.0003079637099357156,0.01856243843142992
0.8553065036078099,3.645839984095724e-05,0.12213210542431849,0.0003074167423136149,0.022217515825717123
0.8957934224063732,2.6051827889290565e-05,0.0926516826004441,0.00013853706303388805,0.01139030610225951
0.8552928903341849,3.645604859581397e-05,0.12216249420792387,0.00030770205360011504,0.022200457355695393
0.8957793355498342,2.6050365122507136e-05,0.09267396621025063,0.00013865955595580203,0.011381988318836583
0.9056298933811254,2.535727851009761e-05,0.0842902975499469,9.253223752460972e-05,0.009961919552892946
0.83827377625704,3.7868356521402865e-05,0.14283920847898146,0.00030839098051436834,0.018540755926942955
0.8957754834978918,2.6049965276202615e-05,0.09268005756799749,0.00013869305460274638,0.01137971591423165
0.8957759761388329,2.605001640922977e-05,0.09267927859123053,0.00013868877037247527,0.011380006483154953
0.8957764307969192,2.6050063600793607e-05,0.09267855966089629,0.00013868481647685743,0.01138027466210684
0.9056300088749991,2.535737930176748e-05,0.08428996611966665,9.253033630466952e-05,0.009962137289727523
0.8957766839024028,2.605008987244113e-05,0.09267815943117583,0.0001386826153740654,0.011380423961175008
0.8957764333686034,2.6050063867725866e-05,0.09267855559437208,0.00013868479411246576,0.011380276179044581
0.8849797007487824,4.747202520652853e-05,0.10617296888408156,0.00021646689151532064,0.008583391450414084
0.8999697798634081,2.5564015650250974e-05,0.08950829274318876,0.00012576356105457764,0.010370599816698096
0.9056295855625337,2.5357009901110223e-05,0.08429118081675463,9.253730447103134e-05,0.009961339306339561
0.8957762460827602,2.605004442814761e-05,0.09267885174257985,0.0001386864228257964,0.011380165707406086
0.8957792537612215,2.6050356632121847e-05,0.09267409555422682,0.0001386602672019497,0.011381940060717655
0.8914918018154119,2.6530415651785145e-05,0.09586138575542615,0.0001525319250978131,0.01246775008841248
0.8382992581077604,3.7871478850213805e-05,0.14279643453225146,0.0003080433572360827,0.018558392523901915
0.9056374743635011,2.536390523048498e-05,0.08426851049418128,9.240733032034432e-05,0.009976243906766819
0.8957984397054928,2.6052349085916072e-05,0.09264374296038763,0.00013849343895312887,0.011393271546080441
0.8957717644520569,2.6049579296024244e-05,0.09268593774616712,0.00013872539779151113,0.011377522824688593
0.9056070763689594,2.533746442138101e-05,0.08435548264693916,9.290682714048781e-05,0.009919196692539744
0.895581800540408,2.6029941433462102e-05,0.09298518821961593,0.00014037905397316995,0.011266602244569227
0.8954296523846921,2.601432034396637e-05,0.0932233428314256,0.00014170588178958685,0.011179284581748633
0.8953354412576272,2.600469443884678e-05,0.09337014799595073,0.00014252856196299543,0.011125877490020208
0.9055402918740957,2.5280550288970734e-05,0.08454306553823207,9.39921499695e-05,0.009797369887413789
0.9057501297928767,2.5465114287337607e-05,0.08393661067399318,9.05225754941901e-05,0.010197271843348581
0.910139841366538,2.534301759357564e-05,0.07963026505770406,7.538499286972929e-05,0.010129165565294525
0.9065657493323388,2.652611129627956e-05,0.08054692203666533,7.311120533751481e-05,0.012787691314362184
0.910880317531492,2.6737588007033152e-05,0.07538012789831362,5.6822870857487555e-05,0.013655994111329966
0.9065106174915929,2.7961333900349968e-05,0.07618124293302993,5.5060812247969186e-05,0.017225117429228956
0.9062053880787573,2.8389294230964275e-05,0.07491812271417052,5.063628006887016e-05,0.018797463632772612
0.9060183815319487,2.8584029100003477e-05,0.07434813285069765,4.874576085039546e-05,0.019556155827403096
0.9059724016812306,2.8627489806954953e-05,0.07422129871348913,4.833377215515374e-05,0.019729338343318113
0.903531235849457,2.7165905728213812e-05,0.07568347086907945,6.664125475135723e-05,0.020691486120984075
0.9060449593100885,2.8558208369194877e-05,0.07442355062960523,4.8992224059752144e-05,0.01945393962787734
0.9034479108449393,2.7142347082602685e-05,0.07604929673818973,6.779477189577052e-05,0.020407855297892553
0.9034259111423834,2.7136337217531865e-05,0.07614250022458736,6.809109746525521e-05,0.02033636119834673
0.9034172779887842,2.7134000851764536e-05,0.07617872077917176,6.820652311545969e-05,0.020308660708076697
0.903416514377924,2.713379478265719e-05,0.07618191511673436,6.821670986389199e-05,0.02030622000069514
0.903418882725815,2.713443421656134e-05,0.07617200288456658,6.818510355182212e-05,0.020313794851850035
0.903421584849781,2.7135164881545642e-05,0.07616067577609209,6.814899952135807e-05,0.020322455209724016
0.9078220728475078,2.6634422095733782e-05,0.07356014919192073,6.17841679888454e-05,0.018529359370486807
0.9061000033306785,2.8502943579667545e-05,0.07458513094138207,4.952402100361517e-05,0.01923683876335624
0.9034247695075467,2.713602755917861e-05,0.07614730125070641,6.810638847140683e-05,0.020332686825716262
0.9060997779188376,2.8503175130701622e-05,0.07458445348008677,4.9521780591245676e-05,0.01923774364535373
0.9060999107206541,2.8503038717408004e-05,0.07458485259130752,4.952310046928289e-05,0.019237210548851736
0.9279911415767393,2.0517905135835376e-05,0.06074096883038379,3.230752679029468e-05,0.011215064160950819
0.9061001118521609,2.8502832086521595e-05,0.07458545714427241,4.952509981194929e-05,0.019236403071668115
0.9061001471466235,2.8502795823339193e-05,0.07458556324206408,4.9525450699890004e-05,0.019236261364789047
0.9061001545857079,2.8502788179934794e-05,0.07458558560493281,4.952552465893121e-05,0.01923623149652053
0.9061001482571981,2.850279468226508e-05,0.07458556658058714,4.952546174113208e-05,0.01923625690579136
0.9279909566381823,2.0517879223311835e-05,0.06074136619660303,3.2308285018138176e-05,0.01121485100097307
0.90610012441324,2.8502819180808157e-05,0.074585494903432,4.952522468925983e-05,0.01923635263945805
0.9034243380009012,2.713591057272819e-05,0.07614911500740601,6.811216587428311e-05,0.02033129891524603
0.9034243453490124,2.7135912564629766e-05,0.07614908412513244,6.81120675010821e-05,0.020331322545789517
0.906100114144284,2.850282973152104e-05,0.07458546403446334,4.952512259920928e-05,0.019236393868921786
0.9061001494065486,2.8502793501347602e-05,0.07458557003568578,4.952547316791392e-05,0.019236252291096306
0.9034242051576096,2.713587456354049e-05,0.0761496732898784,6.811394426069245e-05,0.020330871733687767
0.9034240623085457,2.713583584537453e-05,0.07615027357016299,6.81158564692612e-05,0.020330412428977016
0.9034239081764099,2.713579407277959e-05,0.07615092120363226,6.81179195689061e-05,0.020329916906316144
0.9034238658815332,2.7135782610786276e-05,0.07615109890755255,6.81184856704907e-05,0.020329780942632724
0.9061002578152975,2.8502682110012193e-05,0.07458589594192708,4.952655102343653e-05,0.019235817009642116
0.9060994209410537,2.8503541739016434e-05,0.07458338088249783,4.9518233620594166e-05,0.019239176401089065
0.9060977803004387,2.8505225194308116e-05,0.07457845567051341,4.9501949364382896e-05,0.0192457568544891
0.9060954557713881,2.8507606331230026e-05,0.07457148963659355,4.947892570402329e-05,0.01925506805998308
0.8857905005395103,3.0425136148351e-05,0.09544538666014021,7.316269797425535e-05,0.018660524966226992
0.9060940750469034,2.850901843931739e-05,0.07456735870007344,4.946527693823728e-05,0.019260591957645495
0.9279885070176436,2.051753606846127e-05,0.06074662850051646,3.231832746051367e-05,0.011212028618310953
0.9391633815883073,1.8626603705575637e-05,0.0516869989285579,2.0036033757611316e-05,0.00911095684567162
0.9278935007642661,2.0504328270580724e-05,0.06094924962718033,3.2706794711134114e-05,0.011104038485571815
0.9061917017435106,2.8404713411791774e-05,0.07487288756145566,5.0483887128448586e-05,0.01885652209449344
0.9277693064243666,2.0487347908049977e-05,0.061209975574357256,3.321182001563208e-05,0.010967018833352184
0.9061763738634897,2.8421731866613463e-05,0.07482298163219159,5.031623427173476e-05,0.0189219065381802
0.9059843441267665,2.8616342845714602e-05,0.07425381690797031,4.843910103116906e-05,0.019684783521386317
0.9047383986820076,2.8991926796541717e-05,0.07352298725482628,4.4886105965482906e-05,0.021664736030404343
0.8976028156964989,2.9215940548357985e-05,0.07569308330409355,4.1827830998616034e-05,0.0266330572278604
0.8879561689161887,2.943143588591024e-05,0.07817152271034294,3.8471674259004246e-05,0.03380440526332319
0.8782707284480781,2.9568544353888028e-05,0.08023379456414043,3.5741286222297994e-05,0.04143016715720529
0.8713277084953776,2.9627803417567862e-05,0.08149668677752595,3.407265336823835e-05,0.04711190427031069
0.8310437935477675,3.378983849668842e-05,0.10408573843588712,7.279809469861332e-05,0.06476388008315002
0.8712667931879069,2.694132696250487e-05,0.0787723254164537,4.2431435117616316e-05,0.04989150863355921
0.8676555956630223,2.9647940496327413e-05,0.08210165303143517,3.3268203596220016e-05,0.050179835161449866
0.8724742854442364,2.6935468255264653e-05,0.07858250164419246,4.276428811704371e-05,0.04887351315519897
0.8633659101315446,2.9708303440122287e-05,0.09433086734126968,4.3998063852668366e-05,0.04222951615989305
0.8693559139426748,2.9639516482438244e-05,0.0818266279293138,3.3634571171536524e-05,0.04875418404035749
0.8694885992991405,2.9638794693587167e-05,0.08180480101449317,3.3663596828435075e-05,0.04864329729484442
0.8695005168505203,2.963872940123419e-05,0.08180283794276841,3.366620700428488e-05,0.04863334027030575
0.8694639506575249,2.963892949325697e-05,0.081808859794233,3.36581999427448e-05,0.048663892418806004
0.8652398890548393,3.2614967614431454e-05,0.08534045294249028,2.6300087246151783e-05,0.04936074294780973
0.8693873313727557,2.963934642961724e-05,0.08182146455238339,3.364143810782349e-05,0.048727923290323646
0.9082324942381653,2.0552800605600657e-05,0.06338339413734469,2.1889002581335326e-05,0.028341669821303015
0.869354045931542,2.9639526576742532e-05,0.08182693483798562,3.363416299185239e-05,0.0487557455409038
0.9125267917059315,2.0171023601315384e-05,0.06145204289892141,1.995329019906247e-05,0.02598104108134663
0.912534854255527,2.0171257846227622e-05,0.06145088303532976,1.9955763179581375e-05,0.025974135688117454
0.9125579899503864,2.0171930089624032e-05,0.061447552890354334,1.9962863827861468e-05,0.025954322365341842
0.9126018321518155,2.0173204284047494e-05,0.06144123457438076,1.9976337367835047e-05,0.02591678373215183
0.8696297313416838,2.9638016572011246e-05,0.0817815258305534,3.369454087045987e-05,0.04852541027032037
0.8737797493517643,2.692832253301534e-05,0.07837241379567812,4.313184459399054e-05,0.0477777766854306
0.8697031828861013,2.9637607356028685e-05,0.0817693883361619,3.3710674464491514e-05,0.0484640804959165
0.8693066003642741,2.9639782335151287e-05,0.08183472645559021,3.3623799903101004e-05,0.04879540959789714
0.8723404251315349,2.6936152914631465e-05,0.07860375610022438,4.2727056338735e-05,0.048986155558987464
0.8664412522938332,2.9653039910541898e-05,0.08229286248346841,3.301270720931467e-05,0.051203219475578515
0.8640926091388227,2.9660815171924656e-05,0.08265077170594497,3.2532395272251155e-05,0.05319442594478833
0.8626137569876018,2.966434843984139e-05,0.08286833423967804,3.223888561385202e-05,0.05445600553866659
0.8650341529346044,2.9658022513838466e-05,0.08250914358897536,3.272281004058323e-05,0.05239432264386589
0.875081561951562,2.9599403252651563e-05,0.08083421638877974,3.494896983231966e-05,0.044019673286573274
0.8932158033823183,2.932506039620226e-05,0.07687907052468113,4.020732648715461e-05,0.029835593706117366
0.9271824772925067,2.041091491867025e-05,0.06238699048682508,3.556513894799959e-05,0.01037455616680164
0.921143580437327,1.980468139827775e-05,0.0719884225906868,5.976133856197371e-05,0.00678843095202561
0.9130707919486037,2.139599256216857e-05,0.08243344849792439,7.277764293325496e-05,0.0044015859179763585
0.9036932542680303,2.88599146770258e-05,0.09129728605772325,8.016962499980846e-05,0.004900430134569546
0.9091410229547009,2.540858026216166e-05,0.08789483776059345,6.132715415258342e-05,0.0028774035502909245
0.9022635432111252,3.066033843145913e-05,0.09344644528119,7.392861460528186e-05,0.00418542255464802
0.9024237515918355,3.046232462143392e-05,0.0932143941872471,7.457425989795546e-05,0.004256817636398162
0.9026888660497495,3.01328769176011e-05,0.09282601211268914,7.566978430393366e-05,0.0043793191763399995
0.902912186148798,2.9853481690712244e-05,0.09249434419262657,7.662033841118896e-05,0.004486995838473493
0.9030684840875393,2.9656812729733233e-05,0.09225959797799711,7.730159861594006e-05,0.004564959523117909
0.9098626747112909,2.4652446412245427e-05,0.08695455926797732,6.30129634897286e-05,0.003095100610829878
0.9099619338934465,2.4548207128845874e-05,0.0868233640335144,6.325283181936358e-05,0.0031269010340909376
0.9100062748198792,2.450161774121996e-05,0.08676460109610269,6.336064499187111e-05,0.003141261821284987
0.9032095352874566,2.9478470650777094e-05,0.09204579901048911,7.792826105866984e-05,0.004637258970344754
0.9028123907873655,2.9978560500501196e-05,0.09264308687403826,7.619231950269574e-05,0.00443835145859281
0.8803446275104295,3.4084022248972576e-05,0.11468771282608885,0.00012961745126801555,0.004803958189964644
0.9004165280080624,3.2900634974065685e-05,0.09600310573630441,6.723474321474672e-05,0.0034802308774442865
0.8822470759100198,2.5648300292236463e-05,0.11242131192773598,5.348602016188159e-05,0.005252477841790117
0.8736149328953471,4.076681430828477e-05,0.12327292006009744,0.00010307618810064171,0.0029683040421464835
0.8956732975335576,3.852322934961145e-05,0.10193627995194134,5.428627593154386e-05,0.0022976130092199846
0.8948026373448266,3.915213268448316e-05,0.10288962194477858,5.352861283256806e-05,0.002215059964877716
0.8944015814028323,3.9293096911222385e-05,0.10330015996107896,5.361980532134263e-05,0.0022053457338561226
0.894645225005022,3.920747080679696e-05,0.10305076478983029,5.3564438956105335e-05,0.0022112382953846602
0.8950395276003392,3.906882876204381e-05,0.10264709597210925,5.3474616012565424e-05,0.0022208329827770015
0.8716318018225219,4.273067196428367e-05,0.12561528792334548,9.699893570012861e-05,0.002613180646468141
0.8953605278330495,3.8894526573355934e-05,0.10230688236309914,5.35813686002337e-05,0.002240113908677981
0.9008992445046158,3.3583863162379625e-05,0.0975411462275295,4.831180317718227e-05,0.001477713601515073
0.8593621387733608,7.398606451218182e-05,0.1387875851868969,0.00012059716229865433,0.001655692812931454
0.8717342691942699,4.262889342895765e-05,0.1254956686848955,9.729866539503226e-05,0.0026301345620106356
0.9319506132931854,2.5136831959200832e-05,0.0669320963957282,2.5755376770310592e-05,0.0010663981023569604
0.9319517660818097,2.513639023907292e-05,0.06693091048940192,2.5755104452123573e-05,0.0010664319340971794
0.9008948436580888,3.358540472035924e-05,0.0975456229377043,4.8313409904206054e-05,0.0014776345895822298
0.895358472822536,3.889696771529103e-05,0.10230931103217455,5.357678545075112e-05,0.002239742392123257
0.9006445352268456,3.3673080374931626e-05,0.0978002344558898,4.840475356382168e-05,0.001473152483326091
0.8715079510373257,4.2853743606811195e-05,0.12575968066700016,9.663860989216472e-05,0.0025928759421751987
0.8964891087204864,3.380344831471272e-05,0.10180609222199481,5.1707994951018036e-05,0.001619287614253084
0.8944460792614112,3.927746098459673e-05,0.10325461370002069,5.36097012213921e-05,0.00220641987636207
0.8948916314951024,3.9120840929888845e-05,0.10279851364785267,5.3508339053281134e-05,0.0022172256770616574
0.8721622380724579,4.220421344506432e-05,0.12499449253411267,9.856663973088021e-05,0.0027024985402535674
0.8736593327711726,4.07229614652361e-05,0.12321976824073423,0.0001032193140433967,0.0029769567125847293
0.8718688969417044,3.905107123248187e-05,0.12416827038838484,0.00012235125493362744,0.003801430343744644
0.9003212355915671,3.301467121019798e-05,0.0961300248984819,6.692157466726048e-05,0.0034488032640735654
0.9081880351683106,2.640478380842199e-05,0.08910437109584378,5.9241972224543775e-05,0.00262194697981235
0.8947026209103702,3.7006270007311266e-05,0.10032842828844839,5.6633085482330725e-05,0.004875311445691785
0.9027024610971026,3.0115919424230315e-05,0.09280594238140842,7.572690829612383e-05,0.00438575369376855
0.9029694161195645,2.9781581428419613e-05,0.09240864696005058,7.68682213150325e-05,0.004515287117641476
0.8552334817214094,3.4970129954427765e-05,0.13928701353557182,0.0001563396553960868,0.00528819495766831
0.9035377218213728,2.7443727077591654e-05,0.09036045305053393,8.919780066079518e-05,0.005985183600354974
0.90323007243157,2.5306448229178188e-05,0.08833517515957108,0.00010444857975008645,0.008304997380879727
0.9378380618160784,1.7131967088548283e-05,0.05658811337833113,3.2527225074463314e-05,0.005524165613427544
0.9256367070812056,2.023140006492269e-05,0.0651766962975032,4.164337244396953e-05,0.009124721848782219
0.9042155966878705,3.114353247878934e-05,0.07778520461609852,4.070123297828888e-05,0.017927353930574114
0.9280525098136844,2.0526546287243025e-05,0.06060848993285234,3.20554850302737e-05,0.01128641822214568
0.9059222478677901,2.8673288811993003e-05,0.07408778350642867,4.790345307919623e-05,0.019913391883890057
0.9285148430241861,2.059470116326635e-05,0.05956573389693232,3.012294480633645e-05,0.011868705432912038
0.9290199760529639,2.0677094052920493e-05,0.05830955004783395,2.791285638925203e-05,0.012621883948760041
0.8971398978633602,2.9228407694266268e-05,0.0758232185457061,4.1648476800949104e-05,0.02696600670643844
0.8915306950139651,4.347121351946695e-05,0.08448816809261497,6.969817124914229e-05,0.02386796750865112
0.8793074076634769,2.9557095934271877e-05,0.08003075398797002,3.6009135095028724e-05,0.04059627211752379
0.8731877967471002,2.9614759855146365e-05,0.08117419762395796,3.449967272593627e-05,0.04557389119636076
0.8702531132790738,2.9634450686792903e-05,0.08167798985697794,3.3832099887889264e-05,0.04800543031337364
0.8686234775966237,2.964333181748244e-05,0.08194615725567216,3.347549324124453e-05,0.049367246322645476
0.8696241959770352,2.694817378310913e-05,0.07902380128908673,4.198918116675022e-05,0.051283065378928204
0.8623664747497073,2.6964013683895618e-05,0.08004770483372331,4.016716166895138e-05,0.05751868924121646
0.84908312692119,2.6940565022775403e-05,0.08159977475129403,3.7290474463636284e-05,0.06925286728802976
0.8355604570114665,2.8900867635807118e-05,0.08084144879854913,2.6232052726593113e-05,0.08354296126962191
0.8262084597344592,2.5908887513392036e-05,0.076517211459202,3.084276431196863e-05,0.09721757715451337
0.8198818332345107,2.776444557868041e-05,0.07473473890069184,2.259897241357863e-05,0.10533306444680521
0.8167752627755781,2.756059670266599e-05,0.07370649224356908,2.2024332468178508e-05,0.10946866005168193
0.8150641309146544,2.7450599722562596e-05,0.07315933959627047,2.172276980354696e-05,0.11172735611954902
0.8117341121725875,2.7240786826134378e-05,0.0721301200224924,2.1163358078815023e-05,0.11608736366001507
0.8037127108198051,2.6755597465799664e-05,0.06981898121210922,1.9943826056185686e-05,0.12642160854456366
0.9097865765802126,4.4478582991510126e-05,0.0584098622878319,3.5923899466840976e-05,0.031723158649497145
0.876095812245976,1.57511193999604e-05,0.04134768616328036,8.75106389513878e-06,0.08253199940744846
0.8579617079240409,1.5484212449195907e-05,0.039662257508046,8.670942631572328e-06,0.10235187941283251
0.8583661680736335,1.6447142121527278e-05,0.03842114861933971,5.838417180375828e-06,0.10319039774772482
0.7322669715617326,2.2927117460488902e-05,0.05417312142085892,1.2965027065543344e-05,0.2135240148728823
0.7298095536324682,2.275130631470373e-05,0.05353413810420374,1.273529194200917e-05,0.21662082166507135
0.7250952772539017,2.242092469253131e-05,0.052345258693780115,1.2312571660443365e-05,0.2225247305559653
0.7140442546413527,2.1678765588188607e-05,0.04973002886622209,1.1404260589152263e-05,0.23619263346624808
0.740708394654956,1.6772719037098422e-05,0.039636611948446615,1.1450873155490818e-05,0.21962676980440485
0.6696132601263549,1.9046180560827927e-05,0.04103636139699643,8.596820995684667e-06,0.2893227354750921
0.7113628555030622,1.4533036178305099e-05,0.03188162242856484,8.506524755933891e-06,0.2567324825074386
0.7086666569074611,1.4200180251674279e-05,0.030599447949031338,7.4790267010699785e-06,0.26071221593655475
0.6349025944059175,1.69181531205765e-05,0.03381132269006565,6.895902602813715e-06,0.3312622688482935
0.7001614907152118,1.3570415092762297e-05,0.02845091922015307,7.5017703159755904e-06,0.2713665178792264
0.6278785374327773,1.6478328616779615e-05,0.03232162895758804,6.590776038031798e-06,0.3397767645049798
0.7707429707738612,1.1641552813332238e-05,0.023520720050376177,4.063700318909982e-06,0.20572060392263058
0.7574659039329434,1.1018771822924671e-05,0.021256085060245,3.6706475386390943e-06,0.22126332158745005
0.5756024729441563,1.3597357912181843e-05,0.023432064220228123,4.771572341662891e-06,0.40094709390536176
0.5547733077689779,1.2601860685712603e-05,0.020694870796771212,4.212046874840017e-06,0.42451500752669036
0.5412212096558028,1.1982019611818993e-05,0.019076772089437203,3.879985861030769e-06,0.4396861562492873
0.7205492059043478,8.683769090820997e-06,0.01429483902079864,2.570612174314255e-06,0.26514470069358836
0.53509796998244,1.1610470705513615e-05,0.018167896671881834,3.678445065968099e-06,0.4467188444299068
0.6797954646616926,9.897563867799404e-06,0.015350913868767064,2.175379221028773e-06,0.30484154852645134
0.6809106831925277,9.951289876719039e-06,0.01549181096073404,2.187823690787433e-06,0.30358536673317105
0.6819973274574576,1.000401940176459e-05,0.01563069065086387,2.200041804341133e-06,0.3023597778304726
0.7223085840779049,8.800778100950224e-06,0.01460929842253922,2.6110023215306847e-06,0.2630707057191335
0.5397836396617173,1.1893690458291886e-05,0.01885906828021554,3.831620625138866e-06,0.4413415667469837
0.540843976530506,1.1958774730302836e-05,0.0190193819104351,3.867230580639462e-06,0.44012081555374793
0.5414057266153344,1.1993406728370102e-05,0.01910491192644554,3.886241510767156e-06,0.439473481809981
0.5402142309887323,1.1920075594195874e-05,0.0189239926681214,3.846038405143801e-06,0.4408460102291469
0.5352786105031069,1.1621258750734932e-05,0.01819403169138374,3.684226515212556e-06,0.44651205232024344
0.5246213837098008,1.0973966766490167e-05,0.016652044748661082,3.3650044298016835e-06,0.4587122325703417
0.7573723280708682,1.2324535134812444e-05,0.01296043577406271,5.766549258213132e-06,0.22964914507067602
0.4964997667167249,8.891233579318251e-06,0.011727434180159096,2.6120453094599428e-06,0.49176129582422734
0.611897728535813,7.0951560993788596e-06,0.008538848837710077,2.5341089489702083e-06,0.37955379336142864
0.613413143379626,6.9700138130235875e-06,0.0080789002568995,2.2389405137524738e-06,0.37849874740914763
0.6138418054368173,6.8640160572227485e-06,0.007735326985812568,2.1789503524411e-06,0.37841382461096046
0.6140629963174248,6.809043131331724e-06,0.007561014917288269,2.148127929598625e-06,0.3783670315942261
0.6139311296381512,6.591334869871214e-06,0.006929709788373439,2.2240524564535784e-06,0.379130345186149
0.7561499966964202,8.82859314114821e-06,0.006583259544221897,3.5949201043880484e-06,0.23725432024611226
0.7585342256050664,8.020256866173722e-06,0.005625643929435573,3.1924363717981062e-06,0.23582891777225995
0.7350938710735762,7.423003130018169e-06,0.004724447715324808,2.1599498811510186e-06,0.2601720982580877
0.7536516506878711,7.10448605969558e-06,0.004778836335802717,3.4698415724848178e-06,0.2415589386486939
0.6116057247234181,4.709626724819345e-06,0.0035640128299440784,1.4056301329119008e-06,0.3848241471897801
0.4998795884515199,5.596793271321082e-06,0.003939343422511082,1.2777581126023996e-06,0.49617419357458514
0.6834004148983519,4.088754089115607e-06,0.0030926849550659205,9.09439114945152e-07,0.313501901953378
0.5824441116906511,4.77504973190566e-06,0.0034037152385163207,8.834019562805674e-07,0.41414651461914437
0.39838288396810745,5.534149296029448e-06,0.0035814247754920843,1.0266374408187479e-06,0.5980291304696636
0.35558816372798574,3.174160430227928e-06,0.002476006862658869,3.0277078417302606e-07,0.641932352478141
0.6745256097322851,2.991976247134133e-06,0.002024981473316846,6.514096913894759e-07,0.32344576540845943
0.6714076443852175,2.690071069221151e-06,0.0017531210914758838,5.814369114648384e-07,0.3268359630153258
0.4831429138349745,3.3470586097333922e-06,0.0019710167217880012,7.383706609507314e-07,0.5148819840139668
0.3690950629221017,3.5695617097117376e-06,0.0019737873198052364,6.650856735236079e-07,0.6289269151107099
0.5586941741337269,2.905430148208558e-06,0.0017304765531913657,5.276435113768075e-07,0.43957191623942204
0.6683115629127412,2.4237096984342857e-06,0.001522126514680813,5.20148062991184e-07,0.3301633667148165
0.6685148850500667,2.4402703413983923e-06,0.0015362352788284763,5.239456217877711e-07,0.3299459154551415
0.6687134654442546,2.4565661380744996e-06,0.001550151800626568,5.276841776262907e-07,0.32973339850480315
0.3695941600132101,3.6282668993806138e-06,0.0020174308218235955,6.767468291261493e-07,0.6283841041512378
0.482827551814056,3.315313340711535e-06,0.0019458944813263847,7.309037807057653e-07,0.5152225074874962
0.4830642568688273,3.33911116801247e-06,0.001964719539532648,7.365008766868241e-07,0.5149669479795954
0.4831963679337095,3.352470848499579e-06,0.001975308109410771,7.396441618491854e-07,0.5148242318418693
0.4829482391198897,3.327424778801485e-06,0.001955469267507777,7.337519775129538e-07,0.5150922304358463
0.5967051606972604,2.772771198268966e-06,0.0016969833875760498,7.208315636086876e-07,0.4015943623124015
0.47954113386656955,3.002556784661348e-06,0.0017029426532429459,6.576028490643031e-07,0.5187522633205538
0.47585483223309305,2.687828231014345e-06,0.0014671987376446512,5.843553159417669e-07,0.5226746968457153
0.47155309628206926,2.3630252600576743e-06,0.0012337880080848303,5.093645752492153e-07,0.5272102433200107
0.4678413592789422,2.1150706362432154e-06,0.0010628835036441432,4.525746235545172e-07,0.5310931895721538
0.4622974568272911,1.8874509986595865e-06,0.0009360085503916903,4.4398348385960627e-07,0.5367642031878347
0.46440011533632997,1.9087914853575662e-06,0.0009258764071517175,4.05665664183457e-07,0.5346716937993687
